
Cluster method: average
Distance      : correlation

Estimates on edges:

       au    bp se.au se.bp      v      c  pchi
1   1.000 1.000 0.000 0.000  0.000  0.000 0.000
2   1.000 1.000 0.000 0.000  0.000  0.000 0.000
3   1.000 1.000 0.000 0.000  0.000  0.000 0.000
4   1.000 1.000 0.000 0.000  0.000  0.000 0.000
5   1.000 1.000 0.000 0.000  0.000  0.000 0.000
6   1.000 1.000 0.000 0.000  0.000  0.000 0.000
7   1.000 1.000 0.000 0.000  0.000  0.000 0.000
8   0.969 0.958 0.009 0.002 -1.797  0.074 0.060
9   1.000 1.000 0.000 0.000  0.000  0.000 0.000
10  0.906 0.785 0.014 0.004 -1.052  0.262 0.156
11  1.000 1.000 0.000 0.000  0.000  0.000 0.000
12  1.000 1.000 0.000 0.000  0.000  0.000 0.000
13  1.000 1.000 0.000 0.000  0.000  0.000 0.000
14  1.000 1.000 0.000 0.000  0.000  0.000 0.000
15  1.000 1.000 0.000 0.000  0.000  0.000 0.000
16  0.763 0.641 0.024 0.005 -0.539  0.177 0.517
17  0.903 0.743 0.014 0.005 -0.977  0.323 0.430
18  1.000 1.000 0.000 0.000  0.000  0.000 0.000
19  0.942 0.845 0.010 0.004 -1.295  0.279 0.444
20  1.000 1.000 0.000 0.000  0.000  0.000 0.000
21  0.965 0.987 0.016 0.001 -2.028 -0.213 0.164
22  1.000 1.000 0.000 0.000  0.000  0.000 0.000
23  1.000 1.000 0.000 0.000  0.000  0.000 0.000
24  1.000 1.000 0.000 0.000  0.000  0.000 0.000
25  0.982 0.999 0.030 0.000 -2.628 -0.522 0.712
26  1.000 1.000 0.000 0.000  0.000  0.000 0.000
27  1.000 1.000 0.000 0.000  0.000  0.000 0.000
28  1.000 1.000 0.000 0.000  0.000  0.000 0.000
29  1.000 1.000 0.000 0.000  0.000  0.000 0.000
30  1.000 1.000 0.000 0.000  0.000  0.000 0.000
31  0.996 0.999 0.010 0.001 -2.926 -0.285 0.522
32  1.000 1.000 0.000 0.000  0.000  0.000 0.000
33  1.000 1.000 0.000 0.000  0.000  0.000 0.000
34  0.997 0.991 0.002 0.001 -2.529  0.181 0.242
35  1.000 1.000 0.000 0.000  0.000  0.000 0.000
36  0.978 0.986 0.010 0.001 -2.110 -0.101 0.345
37  0.739 0.642 0.025 0.005 -0.502  0.137 0.660
38  1.000 1.000 0.000 0.000  0.000  0.000 0.000
39  0.545 0.444 0.031 0.005  0.015  0.127 0.971
40  0.685 0.756 0.030 0.004 -0.589 -0.106 0.921
41  1.000 1.000 0.000 0.000  0.000  0.000 0.000
42  0.933 0.766 0.011 0.005 -1.111  0.385 0.286
43  1.000 1.000 0.000 0.000  0.000  0.000 0.000
44  1.000 1.000 0.000 0.000  0.000  0.000 0.000
45  0.885 0.673 0.015 0.005 -0.824  0.376 0.961
46  1.000 1.000 0.000 0.000  0.000  0.000 0.000
47  0.983 0.947 0.005 0.002 -1.870  0.251 0.181
48  0.822 0.734 0.021 0.005 -0.775  0.149 0.074
49  0.992 0.973 0.003 0.002 -2.167  0.232 0.027
50  0.546 0.488 0.030 0.005 -0.043  0.073 0.383
51  0.711 0.575 0.026 0.005 -0.373  0.183 0.803
52  1.000 1.000 0.000 0.000  0.000  0.000 0.000
53  1.000 1.000 0.000 0.000  0.000  0.000 0.000
54  1.000 1.000 0.000 0.000  0.000  0.000 0.000
55  0.879 0.749 0.016 0.005 -0.919  0.249 0.122
56  0.569 0.446 0.030 0.005 -0.020  0.155 0.307
57  0.990 0.996 0.008 0.001 -2.494 -0.150 0.811
58  0.997 0.982 0.002 0.002 -2.418  0.328 0.544
59  0.655 0.493 0.028 0.005 -0.191  0.208 0.108
60  0.968 0.910 0.007 0.003 -1.595  0.252 1.000
61  0.961 0.938 0.009 0.003 -1.652  0.115 0.905
62  0.971 0.948 0.008 0.002 -1.761  0.131 0.243
63  1.000 1.000 0.000 0.000  0.000  0.000 0.000
64  0.964 0.694 0.006 0.005 -1.154  0.647 0.757
65  0.999 0.996 0.001 0.001 -2.975  0.290 0.341
66  0.979 0.918 0.005 0.003 -1.712  0.319 0.204
67  0.755 0.493 0.024 0.005 -0.336  0.355 0.137
68  0.768 0.515 0.024 0.005 -0.384  0.347 0.548
69  0.997 0.998 0.004 0.001 -2.782 -0.055 0.820
70  1.000 1.000 0.000 0.000  0.000  0.000 0.000
71  0.964 0.694 0.006 0.005 -1.155  0.647 0.107
72  1.000 1.000 0.005 0.000 -3.623 -0.224 1.000
73  0.969 0.913 0.007 0.003 -1.616  0.256 0.911
74  0.999 0.999 0.002 0.000 -3.123  0.023 0.916
75  1.000 1.000 0.000 0.000  0.000  0.000 0.000
76  1.000 1.000 0.000 0.000  0.000  0.000 0.000
77  0.942 0.926 0.013 0.003 -1.511  0.063 0.933
78  0.989 0.843 0.003 0.004 -1.646  0.640 0.888
79  0.653 0.667 0.029 0.005 -0.413 -0.019 0.459
80  1.000 1.000 0.000 0.000  0.000  0.000 0.000
81  0.987 0.940 0.004 0.003 -1.893  0.341 0.990
82  0.946 0.831 0.010 0.004 -1.282  0.325 0.507
83  0.936 0.711 0.010 0.005 -1.038  0.483 0.358
84  0.988 0.998 0.020 0.001 -2.602 -0.347 0.296
85  0.772 0.451 0.024 0.005 -0.312  0.434 0.394
86  0.807 0.439 0.021 0.005 -0.356  0.511 0.857
87  0.762 0.393 0.024 0.005 -0.220  0.492 0.370
88  0.922 0.920 0.016 0.003 -1.411  0.006 0.679
89  0.798 0.638 0.022 0.005 -0.594  0.241 0.211
90  0.831 0.875 0.024 0.004 -1.053 -0.095 0.810
91  0.999 0.999 0.001 0.001 -3.159  0.129 0.555
92  0.875 0.429 0.016 0.005 -0.485  0.665 0.330
93  0.889 0.446 0.015 0.005 -0.542  0.677 0.189
94  0.853 0.693 0.018 0.005 -0.777  0.272 0.849
95  0.793 0.495 0.022 0.005 -0.402  0.415 0.191
96  0.683 0.591 0.028 0.005 -0.354  0.122 0.214
97  0.844 0.783 0.020 0.004 -0.896  0.114 0.229
98  0.997 0.999 0.005 0.001 -2.844 -0.131 0.409
99  0.826 0.310 0.021 0.005 -0.221  0.716 0.792
100 0.761 0.452 0.024 0.005 -0.294  0.416 0.714
101 0.819 0.626 0.021 0.005 -0.616  0.294 0.009
102 0.806 0.445 0.022 0.005 -0.362  0.501 0.018
103 0.709 0.478 0.026 0.005 -0.247  0.303 0.333
104 0.688 0.666 0.028 0.005 -0.460  0.030 0.126
105 0.607 0.617 0.030 0.005 -0.284 -0.012 0.579
106 0.635 0.283 0.031 0.005  0.113  0.459 0.348
107 0.995 0.999 0.008 0.001 -2.819 -0.218 0.852
108 0.641 0.379 0.029 0.005 -0.026  0.334 0.866
109 0.710 0.128 0.035 0.003  0.293  0.845 0.536
110 1.000 1.000 0.000 0.000  0.000  0.000 0.000
111 1.000 1.000 0.000 0.000  0.000  0.000 0.000
112 0.763 0.225 0.027 0.004  0.020  0.735 0.739
113 0.985 0.928 0.004 0.003 -1.810  0.348 0.281
114 0.942 0.403 0.009 0.005 -0.663  0.908 0.602
115 1.000 1.000 0.000 0.000  0.000  0.000 0.000
116 0.857 0.762 0.019 0.005 -0.889  0.177 0.305
117 0.880 0.907 0.021 0.003 -1.249 -0.074 0.944
118 0.922 0.155 0.015 0.004 -0.201  1.217 0.226
119 0.854 0.577 0.018 0.005 -0.622  0.429 0.308
120 0.682 0.146 0.035 0.004  0.290  0.764 0.173
121 0.789 0.145 0.029 0.004  0.127  0.930 0.981
122 1.000 1.000 0.000 0.000  0.000  0.000 0.000
123 0.872 0.256 0.018 0.005 -0.240  0.897 0.428
124 0.815 0.305 0.022 0.005 -0.194  0.704 0.795
125 0.964 0.294 0.007 0.005 -0.629  1.171 0.035
126 0.874 0.210 0.019 0.004 -0.170  0.978 0.496
127 0.925 0.760 0.012 0.005 -1.072  0.366 0.919
128 0.865 0.537 0.017 0.005 -0.598  0.507 0.335
129 0.787 0.731 0.024 0.005 -0.707  0.090 0.406
130 0.815 0.408 0.021 0.005 -0.331  0.565 0.339
131 0.941 0.878 0.011 0.004 -1.365  0.200 0.945
132 0.901 0.584 0.014 0.005 -0.748  0.537 0.605
133 0.850 0.151 0.023 0.004 -0.003  1.034 0.419
134 0.979 0.849 0.005 0.004 -1.533  0.502 0.486
135 0.957 0.999 0.086 0.001 -2.460 -0.744 0.923
136 0.721 0.105 0.037 0.003  0.335  0.920 0.137
137 1.000 1.000 0.000 0.000  0.000  0.000 0.000
138 0.954 0.816 0.008 0.004 -1.289  0.391 0.009
139 0.866 0.201 0.020 0.004 -0.136  0.973 0.522
140 0.994 0.997 0.006 0.001 -2.612 -0.099 0.904
141 0.923 0.236 0.013 0.004 -0.355  1.073 0.926
142 0.958 0.559 0.007 0.005 -0.936  0.787 0.187
143 0.816 0.332 0.022 0.005 -0.233  0.667 0.200
144 0.852 0.069 0.030 0.003  0.217  1.263 0.400
145 0.591 0.536 0.030 0.005 -0.160  0.069 0.154
146 0.953 0.230 0.009 0.004 -0.470  1.210 0.711
147 0.724 0.724 0.027 0.005 -0.594 -0.001 0.099
148 0.917 0.675 0.012 0.005 -0.920  0.468 0.001
149 0.845 0.315 0.020 0.005 -0.266  0.748 0.333
150 0.949 0.234 0.010 0.004 -0.453  1.179 0.767
151 0.818 0.450 0.021 0.005 -0.391  0.518 0.849
152 0.891 0.284 0.016 0.005 -0.331  0.903 0.045
153 0.979 0.921 0.005 0.003 -1.723  0.309 0.675
154 0.819 0.481 0.020 0.005 -0.432  0.480 0.247
155 0.907 0.913 0.017 0.003 -1.341 -0.017 0.539
156 0.816 0.074 0.033 0.003  0.272  1.172 0.815
157 0.822 0.263 0.023 0.005 -0.144  0.778 0.497
158 0.763 0.285 0.026 0.005 -0.073  0.643 0.193
159 0.882 0.666 0.016 0.005 -0.808  0.379 0.534
160 0.938 0.810 0.011 0.004 -1.207  0.329 0.248
161 0.998 0.989 0.001 0.001 -2.565  0.289 0.396
162 0.847 0.197 0.022 0.004 -0.086  0.938 0.929
163 0.919 0.895 0.015 0.003 -1.327  0.072 0.180
164 0.755 0.531 0.024 0.005 -0.384  0.307 0.606
165 0.657 0.549 0.028 0.005 -0.264  0.141 0.162
166 0.933 0.214 0.012 0.004 -0.352  1.145 0.850
167 0.833 0.060 0.034 0.002  0.296  1.261 0.706
168 0.814 0.178 0.025 0.004  0.016  0.907 0.639
169 0.935 0.853 0.012 0.004 -1.284  0.232 0.032
170 0.939 0.170 0.012 0.004 -0.298  1.252 0.714
171 0.732 0.137 0.034 0.004  0.239  0.856 0.247
172 0.782 0.100 0.033 0.003  0.252  1.030 0.767
173 0.942 0.774 0.010 0.004 -1.163  0.410 0.655
174 0.797 0.737 0.023 0.005 -0.733  0.099 0.322
175 0.777 0.449 0.023 0.005 -0.317  0.444 0.944
176 0.872 0.833 0.019 0.004 -1.052  0.086 0.515
177 0.784 0.166 0.028 0.004  0.092  0.878 0.019
178 0.748 0.421 0.025 0.005 -0.234  0.433 0.914
179 0.998 1.000 0.014 0.000 -3.218 -0.334 1.000
180 0.945 0.419 0.009 0.005 -0.696  0.900 0.939
181 0.820 0.480 0.020 0.005 -0.433  0.482 0.194
182 0.893 0.502 0.014 0.005 -0.623  0.619 0.594
183 0.777 0.157 0.029 0.004  0.123  0.885 0.134
184 0.990 0.975 0.004 0.002 -2.142  0.183 0.977
185 0.633 0.073 0.045 0.003  0.558  0.898 0.107
186 0.975 0.990 0.011 0.001 -2.147 -0.182 0.488
187 0.929 0.543 0.011 0.005 -0.786  0.679 0.135
188 0.655 0.388 0.029 0.005 -0.057  0.341 0.486
189 0.939 0.603 0.009 0.005 -0.904  0.644 0.225
190 0.817 0.019 0.053 0.001  0.585  1.489 0.010
191 0.981 0.984 0.008 0.001 -2.110 -0.042 0.723
192 0.914 0.301 0.013 0.005 -0.423  0.943 0.359
193 0.800 0.012 0.068 0.001  0.706  1.546 0.539
194 0.909 0.312 0.014 0.005 -0.422  0.912 0.374
195 1.000 1.000 0.000 0.000  0.000  0.000 0.000
196 1.000 1.000 0.000 0.000  0.000  0.000 0.000
197 1.000 1.000 0.000 0.000  0.000  0.000 0.000
198 0.907 0.091 0.020 0.003  0.007  1.330 0.084
199 0.882 0.368 0.016 0.005 -0.422  0.760 0.078
200 0.533 0.006 0.124 0.001  1.210  1.293 0.390
201 0.932 0.692 0.010 0.005 -0.996  0.495 0.476
202 0.695 0.441 0.027 0.005 -0.181  0.329 0.702
203 0.779 0.119 0.031 0.003  0.206  0.974 0.603
204 0.679 0.027 0.062 0.002  0.727  1.193 0.388
205 0.995 0.986 0.003 0.001 -2.380  0.182 0.617
206 0.951 0.546 0.008 0.005 -0.885  0.769 0.809
207 0.855 0.095 0.027 0.003  0.125  1.184 0.407
208 0.857 0.158 0.022 0.004 -0.033  1.035 0.819
209 0.911 0.184 0.016 0.004 -0.223  1.125 0.271
210 0.569 0.341 0.031 0.005  0.118  0.292 0.555
211 0.921 0.864 0.014 0.004 -1.255  0.156 0.162
212 1.000 1.000 0.000 0.000  0.000  0.000 0.000
213 0.766 0.055 0.042 0.002  0.434  1.161 0.092
214 0.965 0.976 0.012 0.002 -1.896 -0.086 0.467
215 0.783 0.605 0.023 0.005 -0.525  0.258 0.177
216 0.996 0.979 0.002 0.002 -2.363  0.330 0.534
217 0.996 0.999 0.007 0.001 -2.921 -0.231 0.608
218 0.749 0.602 0.025 0.005 -0.465  0.207 0.013
219 1.000 1.000 0.000 0.000  0.000  0.000 0.000
220 0.877 0.949 0.025 0.002 -1.401 -0.239 0.921
221 0.890 0.462 0.015 0.005 -0.566  0.661 0.709
222 0.703 0.017 0.073 0.001  0.791  1.323 0.517
223 0.958 0.940 0.010 0.003 -1.644  0.089 0.263
224 0.929 0.796 0.012 0.004 -1.149  0.320 0.231
225 1.000 1.000 0.000 0.000  0.000  0.000 0.000
226 0.700 0.017 0.073 0.001  0.794  1.318 0.303
227 1.000 1.000 0.000 0.000  0.000  0.000 0.000
228 0.768 0.171 0.029 0.004  0.109  0.841 0.176
229 0.744 0.051 0.045 0.002  0.489  1.145 0.081
230 0.716 0.167 0.032 0.004  0.196  0.768 0.585
231 0.892 0.419 0.015 0.005 -0.516  0.721 0.671
232 0.998 0.989 0.001 0.001 -2.614  0.339 0.942
233 1.000 1.000 0.000 0.000  0.000  0.000 0.000
234 0.999 0.998 0.001 0.001 -3.044  0.208 0.211
235 1.000 1.000 0.000 0.000  0.000  0.000 0.000
236 0.853 0.260 0.020 0.005 -0.204  0.847 0.664
237 0.805 0.033 0.045 0.002  0.490  1.349 0.364
238 1.000 1.000 0.000 0.000  0.000  0.000 0.000
239 0.999 0.989 0.001 0.001 -2.654  0.359 0.537
240 1.000 1.000 0.000 0.000  0.000  0.000 0.000
241 0.989 1.000 0.045 0.001 -2.845 -0.552 0.496
242 0.751 0.010 0.079 0.001  0.821  1.498 0.053
243 0.858 0.751 0.018 0.005 -0.874  0.196 0.969
244 0.987 0.974 0.005 0.002 -2.088  0.145 0.548
245 0.937 0.850 0.011 0.004 -1.283  0.246 0.969
246 1.000 1.000 0.000 0.000  0.000  0.000 0.000
247 0.733 0.669 0.026 0.005 -0.529  0.093 0.056
248 0.953 0.809 0.009 0.004 -1.274  0.399 0.932
249 0.607 0.095 0.042 0.003  0.520  0.790 0.303
250 0.994 0.990 0.004 0.001 -2.408  0.077 0.382
251 0.998 0.999 0.003 0.000 -2.917 -0.092 0.773
252 1.000 1.000 0.000 0.000  0.000  0.000 0.000
253 1.000 1.000 0.000 0.000  0.000  0.000 0.000
254 0.775 0.094 0.034 0.003  0.282  1.037 0.282
255 0.878 0.670 0.016 0.005 -0.802  0.362 0.865
256 0.852 0.049 0.033 0.002  0.306  1.353 0.351
257 1.000 1.000 0.000 0.000  0.000  0.000 0.000
258 1.000 1.000 0.000 0.000  0.000  0.000 0.000
259 0.737 0.535 0.025 0.005 -0.361  0.272 0.465
260 0.835 0.773 0.021 0.004 -0.861  0.111 0.476
261 0.521 0.555 0.031 0.005 -0.096 -0.043 0.930
262 0.828 0.999 1.254 0.003 -2.088 -1.141 1.000
263 0.833 0.713 0.020 0.005 -0.763  0.201 0.447
264 0.738 0.692 0.026 0.005 -0.570  0.068 0.487
265 0.850 0.653 0.018 0.005 -0.715  0.322 0.421
266 1.000 1.000 0.005 0.000 -3.623 -0.224 1.000
267 0.862 0.810 0.019 0.004 -0.984  0.106 0.143
268 0.758 0.039 0.047 0.002  0.529  1.229 0.667
269 1.000 1.000 0.000 0.000  0.000  0.000 0.000
270 0.966 0.963 0.010 0.002 -1.804  0.019 0.907
271 0.856 0.558 0.018 0.005 -0.605  0.458 0.901
272 0.984 0.963 0.005 0.002 -1.960  0.175 0.199
273 0.598 0.621 0.030 0.005 -0.278 -0.031 0.469
274 0.828 0.066 0.033 0.003  0.282  1.226 0.174
275 0.901 0.648 0.014 0.005 -0.833  0.454 0.555
276 1.000 1.000 0.000 0.000  0.000  0.000 0.000
277 1.000 1.000 0.000 0.000  0.000  0.000 0.000
278 0.729 0.505 0.026 0.005 -0.312  0.298 0.056
279 0.994 0.970 0.002 0.002 -2.189  0.314 0.151
280 0.895 0.791 0.015 0.004 -1.031  0.222 0.210
281 0.859 0.476 0.017 0.005 -0.509  0.568 0.016
282 1.000 1.000 0.000 0.000  0.000  0.000 0.000
283 1.000 1.000 0.000 0.000  0.000  0.000 0.000
284 0.850 0.347 0.019 0.005 -0.321  0.715 0.013
285 0.998 0.997 0.002 0.001 -2.805  0.060 0.792
286 0.997 0.997 0.004 0.001 -2.750 -0.006 0.800
287 0.665 0.750 0.030 0.005 -0.550 -0.124 0.248
288 1.000 1.000 0.000 0.000  0.000  0.000 0.000
289 1.000 1.000 0.000 0.000  0.000  0.000 0.000
290 0.987 1.000 0.074 0.001 -2.856 -0.622 0.755
291 1.000 1.000 0.000 0.000  0.000  0.000 0.000
292 1.000 1.000 0.000 0.000  0.000  0.000 0.000
293 0.795 0.851 0.026 0.004 -0.932 -0.109 0.799
294 0.842 0.838 0.022 0.004 -0.996  0.008 0.281
295 0.749 0.608 0.025 0.005 -0.473  0.199 0.906
296 0.839 0.761 0.020 0.005 -0.850  0.140 0.273
297 0.822 0.147 0.026 0.004  0.063  0.986 0.588
298 0.685 0.231 0.031 0.004  0.127  0.609 0.440
299 0.813 0.469 0.021 0.005 -0.406  0.485 0.850
300 0.855 0.771 0.019 0.004 -0.901  0.158 0.507
301 0.991 0.984 0.004 0.002 -2.259  0.126 0.269
302 0.999 0.998 0.001 0.001 -3.056  0.146 0.698
303 0.898 0.760 0.015 0.005 -0.988  0.280 0.266
304 0.917 0.332 0.013 0.005 -0.476  0.912 0.787
305 0.996 0.933 0.001 0.003 -2.086  0.587 0.665
306 1.000 1.000 0.000 0.000  0.000  0.000 0.000
307 0.999 0.996 0.001 0.001 -2.901  0.225 0.294
308 0.874 0.150 0.021 0.004 -0.055  1.092 0.746
309 0.494 0.505 0.031 0.005  0.001 -0.013 0.702
310 0.998 0.994 0.002 0.001 -2.665  0.177 0.763
311 0.998 0.997 0.003 0.001 -2.840  0.051 0.700
312 0.800 0.041 0.043 0.002  0.448  1.288 0.763
313 1.000 1.000 0.000 0.000  0.000  0.000 0.000
314 0.994 0.982 0.003 0.002 -2.308  0.200 0.289
315 0.881 0.130 0.021 0.003 -0.027  1.155 0.011
316 0.876 0.733 0.017 0.005 -0.889  0.267 0.232
317 1.000 1.000 0.000 0.000  0.000  0.000 0.000
318 1.000 1.000 0.000 0.000  0.000  0.000 0.000
319 0.605 0.500 0.030 0.005 -0.132  0.133 0.169
320 1.000 1.000 0.000 0.000  0.000  0.000 0.000
321 1.000 1.000 0.000 0.000  0.000  0.000 0.000
322 0.822 0.432 0.020 0.005 -0.376  0.546 0.806
323 0.996 0.999 0.008 0.001 -2.912 -0.236 0.969
324 0.970 0.935 0.008 0.003 -1.700  0.184 0.651
325 0.998 0.987 0.001 0.001 -2.579  0.349 0.344
326 0.983 0.984 0.007 0.001 -2.131 -0.020 0.938
327 0.751 0.112 0.034 0.003  0.269  0.947 0.949
328 0.795 0.274 0.024 0.005 -0.112  0.712 0.354
329 0.714 0.407 0.027 0.005 -0.165  0.400 0.778
330 0.968 0.478 0.006 0.005 -0.901  0.957 0.115
331 1.000 1.000 0.000 0.000  0.000  0.000 0.000
332 0.999 0.999 0.002 0.000 -3.064 -0.046 0.593
333 0.828 0.407 0.020 0.005 -0.355  0.591 0.606
334 0.752 0.816 0.028 0.004 -0.789 -0.109 0.001
335 0.974 0.980 0.010 0.002 -2.005 -0.056 0.136
336 0.843 0.824 0.021 0.004 -0.968  0.037 0.351
337 1.000 1.000 0.000 0.000  0.000  0.000 0.000
338 0.968 0.936 0.008 0.003 -1.686  0.163 0.487
339 1.000 1.000 0.000 0.000  0.000  0.000 0.000
340 1.000 1.000 0.000 0.000  0.000  0.000 0.000
341 0.861 0.399 0.018 0.005 -0.416  0.670 0.448
342 0.997 0.999 0.006 0.001 -2.958 -0.156 0.984
343 0.985 0.929 0.004 0.003 -1.823  0.358 0.348
344 0.728 0.726 0.027 0.005 -0.604  0.004 0.857
345 0.926 0.907 0.014 0.003 -1.384  0.063 0.493
346 0.561 0.420 0.031 0.005  0.025  0.178 0.348
347 0.826 0.758 0.021 0.005 -0.818  0.119 0.419
348 0.745 0.214 0.029 0.004  0.068  0.726 0.125
349 1.000 1.000 0.000 0.000  0.000  0.000 0.000
350 0.971 0.999 0.044 0.001 -2.484 -0.595 0.985
351 0.832 0.774 0.021 0.004 -0.857  0.106 0.157
352 1.000 1.000 0.000 0.000  0.000  0.000 0.000
353 0.998 0.996 0.002 0.001 -2.771  0.074 0.129
354 0.736 0.433 0.025 0.005 -0.232  0.400 0.035
355 1.000 1.000 0.000 0.000  0.000  0.000 0.000
356 0.724 0.999 0.477 0.001 -1.858 -1.265 0.940
357 1.000 0.999 0.001 0.000 -3.218  0.091 0.346
358 1.000 1.000 0.000 0.000  0.000  0.000 0.000
359 0.995 0.987 0.003 0.001 -2.404  0.185 0.673
360 1.000 1.000 0.000 0.000  0.000  0.000 0.000
361 1.000 1.000 0.000 0.000  0.000  0.000 0.000
362 0.936 0.915 0.013 0.003 -1.447  0.077 0.733
363 1.000 1.000 0.000 0.000 -4.161  0.242 0.466
364 0.977 0.889 0.005 0.003 -1.608  0.388 0.278
365 0.997 0.994 0.002 0.001 -2.604  0.099 0.737
366 1.000 1.000 0.000 0.000  0.000  0.000 0.000
367 0.999 0.993 0.001 0.001 -2.757  0.278 0.369
368 0.720 0.391 0.027 0.005 -0.154  0.430 0.555
369 1.000 1.000 0.000 0.000  0.000  0.000 0.000
370 1.000 1.000 0.000 0.000  0.000  0.000 0.000
371 1.000 1.000 0.000 0.000  0.000  0.000 0.000
372 0.990 0.981 0.005 0.002 -2.197  0.120 0.681
373 0.608 0.255 0.032 0.005  0.191  0.466 0.007
374 1.000 1.000 0.000 0.000  0.000  0.000 0.000
375 1.000 1.000 0.000 0.000  0.000  0.000 0.000
376 0.647 0.319 0.030 0.005  0.048  0.424 0.109
377 1.000 1.000 0.000 0.000  0.000  0.000 0.000
378 1.000 1.000 0.000 0.000  0.000  0.000 0.000
379 0.880 0.784 0.017 0.004 -0.980  0.195 0.998
380 1.000 1.000 0.000 0.000  0.000  0.000 0.000
381 0.954 0.925 0.010 0.003 -1.565  0.122 0.193
382 0.742 0.462 0.025 0.005 -0.277  0.371 0.621
383 0.738 0.583 0.025 0.005 -0.423  0.213 0.362
384 0.926 0.885 0.013 0.003 -1.325  0.125 0.222
385 0.562 0.484 0.030 0.005 -0.059  0.098 0.197
386 0.653 0.452 0.029 0.005 -0.137  0.256 0.698
387 0.747 0.368 0.025 0.005 -0.164  0.501 0.226
388 1.000 1.000 0.000 0.000  0.000  0.000 0.000
389 0.996 0.982 0.002 0.002 -2.391  0.296 0.721
390 0.985 0.998 0.017 0.001 -2.524 -0.364 0.958
391 0.828 0.999 1.254 0.003 -2.088 -1.141 1.000
392 0.729 0.568 0.026 0.005 -0.390  0.219 0.082
393 0.948 0.957 0.014 0.002 -1.672 -0.049 0.459
394 0.841 0.630 0.019 0.005 -0.665  0.334 0.492
395 0.852 0.836 0.021 0.004 -1.011  0.032 0.179
396 1.000 1.000 0.000 0.000  0.000  0.000 0.000
397 1.000 1.000 0.000 0.000  0.000  0.000 0.000
398 0.649 0.680 0.029 0.005 -0.425 -0.042 0.035
399 1.000 0.993 0.000 0.001 -3.053  0.612 0.076
400 0.911 0.757 0.013 0.005 -1.023  0.327 0.015
401 1.000 1.000 0.000 0.000  0.000  0.000 0.000
402 1.000 1.000 0.000 0.000  0.000  0.000 0.000
403 1.000 1.000 0.000 0.000  0.000  0.000 0.000
404 1.000 1.000 0.000 0.000  0.000  0.000 0.000
405 0.691 0.617 0.027 0.005 -0.399  0.100 0.671
406 1.000 1.000 0.000 0.000  0.000  0.000 0.000
407 0.998 0.998 0.003 0.001 -2.901 -0.032 0.556
408 0.799 0.489 0.022 0.005 -0.405  0.432 0.608
409 0.784 0.553 0.023 0.005 -0.460  0.327 0.367
410 1.000 1.000 0.000 0.000  0.000  0.000 0.000
411 0.967 0.877 0.007 0.004 -1.501  0.340 0.340
412 0.996 0.994 0.003 0.001 -2.589  0.047 0.129
413 0.723 0.433 0.026 0.005 -0.212  0.381 0.920
414 0.997 0.993 0.002 0.001 -2.633  0.163 0.269
415 0.996 0.990 0.002 0.001 -2.499  0.159 0.997
416 0.599 0.293 0.032 0.005  0.147  0.398 0.260
417 0.734 0.713 0.026 0.005 -0.594  0.031 0.518
418 0.952 0.896 0.010 0.003 -1.463  0.205 0.220
419 1.000 1.000 0.000 0.000  0.000  0.000 0.000
420 0.890 0.576 0.015 0.005 -0.710  0.517 0.228
421 0.952 0.511 0.008 0.005 -0.844  0.816 0.150
422 0.869 0.512 0.017 0.005 -0.577  0.547 0.121
423 0.677 0.626 0.028 0.005 -0.389  0.069 0.703
424 0.663 0.232 0.032 0.004  0.156  0.577 0.364
425 0.975 0.999 0.063 0.001 -2.492 -0.530 0.686
426 0.999 0.995 0.001 0.001 -2.841  0.246 0.837
427 0.832 0.372 0.020 0.005 -0.318  0.646 0.169
428 0.991 0.979 0.004 0.002 -2.205  0.166 0.137
429 0.920 0.451 0.012 0.005 -0.642  0.765 0.573
430 0.592 0.499 0.030 0.005 -0.115  0.118 0.397
431 0.947 0.831 0.009 0.004 -1.289  0.332 0.315
432 0.998 0.993 0.002 0.001 -2.645  0.181 0.994
433 0.730 0.093 0.037 0.003  0.355  0.967 0.184
434 0.854 0.545 0.018 0.005 -0.583  0.470 0.308
435 1.000 1.000 0.000 0.000  0.000  0.000 0.000
436 1.000 1.000 0.001 0.000 -3.609 -0.006 0.720
437 0.542 0.160 0.038 0.004  0.445  0.551 0.811
438 0.862 0.193 0.021 0.004 -0.111  0.978 0.098
439 0.822 0.211 0.024 0.004 -0.060  0.862 0.063
440 0.937 0.245 0.011 0.004 -0.422  1.111 0.146
441 0.769 0.248 0.026 0.004 -0.027  0.708 0.733
442 0.999 0.997 0.001 0.001 -2.983  0.282 0.746
443 0.814 0.193 0.025 0.004 -0.013  0.879 0.978
444 0.548 0.578 0.031 0.005 -0.158 -0.038 0.808
445 1.000 1.000 0.000 0.000  0.000  0.000 0.000
446 0.834 0.260 0.022 0.005 -0.164  0.808 0.569
447 0.686 0.507 0.027 0.005 -0.252  0.233 0.057
448 0.646 0.056 0.049 0.002  0.606  0.981 0.985
449 0.811 0.777 0.023 0.004 -0.822  0.061 0.717
450 1.000 1.000 0.000 0.000  0.000  0.000 0.000
451 0.894 0.788 0.016 0.004 -1.023  0.224 0.866
452 0.895 0.145 0.019 0.004 -0.098  1.155 0.290
453 0.877 0.694 0.016 0.005 -0.834  0.326 0.417
454 0.819 0.016 0.057 0.001  0.620  1.531 0.162
455 0.922 0.057 0.022 0.002  0.080  1.499 0.619
456 0.984 0.961 0.005 0.002 -1.957  0.191 0.038
457 0.950 0.767 0.009 0.005 -1.186  0.458 0.573
458 1.000 1.000 0.000 0.000  0.000  0.000 0.000
459 0.763 0.133 0.032 0.004  0.197  0.914 0.476
460 0.762 0.783 0.026 0.004 -0.748 -0.034 0.784
461 0.697 0.022 0.065 0.002  0.753  1.268 0.809
462 0.635 0.020 0.071 0.001  0.851  1.195 0.949
463 1.000 1.000 0.000 0.000  0.000  0.000 0.000
464 0.973 0.976 0.010 0.002 -1.960 -0.025 0.783
465 0.618 0.652 0.030 0.005 -0.344 -0.045 0.067
466 0.870 0.723 0.017 0.005 -0.858  0.268 0.954
467 0.634 0.243 0.032 0.004  0.177  0.519 0.125
468 0.649 0.011 0.091 0.001  0.958  1.341 0.074
469 0.766 0.576 0.024 0.005 -0.459  0.268 0.912
470 0.729 0.661 0.026 0.005 -0.512  0.098 0.190
471 0.845 0.026 0.045 0.002  0.466  1.480 0.669
472 0.787 0.379 0.023 0.005 -0.245  0.552 0.938
473 0.961 0.979 0.013 0.002 -1.897 -0.133 0.427
474 0.986 0.975 0.005 0.002 -2.073  0.111 0.980
475 0.829 0.624 0.020 0.005 -0.634  0.318 0.253
476 0.866 0.024 0.043 0.002  0.439  1.547 0.678
477 0.850 0.592 0.018 0.005 -0.634  0.403 0.757
478 0.812 0.019 0.060 0.001  0.596  1.481 0.158
479 0.588 0.493 0.030 0.005 -0.102  0.120 0.850
480 0.862 0.053 0.032 0.002  0.262  1.353 0.337
481 0.943 0.669 0.009 0.005 -1.009  0.572 0.641
482 0.962 0.006 0.034 0.001  0.385  2.157 0.153
483 1.000 1.000 0.000 0.000  0.000  0.000 0.000
484 0.492 0.003 0.174 0.001  1.406  1.387 0.795
485 1.000 1.000 0.000 0.000  0.000  0.000 0.000
486 0.601 0.655 0.030 0.005 -0.328 -0.071 0.038
487 0.899 0.876 0.017 0.004 -1.215  0.062 0.335
488 0.992 0.936 0.002 0.003 -1.968  0.449 0.520
489 0.000 0.000 0.000 0.000  0.000  0.000 0.000
490 1.000 1.000 0.000 0.000  0.000  0.000 0.000
491 0.988 0.998 0.026 0.001 -2.577 -0.336 0.553
492 0.866 0.643 0.017 0.005 -0.737  0.370 0.527
493 0.679 0.087 0.041 0.003  0.448  0.913 0.514
494 0.000 0.000 0.000 0.000  0.000  0.000 0.000
495 1.000 1.000 0.000 0.000  0.000  0.000 0.000
496 0.669 0.203 0.032 0.004  0.198  0.635 0.158
497 0.617 0.229 0.033 0.004  0.223  0.520 0.402
498 0.751 0.686 0.025 0.005 -0.581  0.096 0.481
499 0.989 0.985 0.005 0.001 -2.231  0.071 0.724
500 0.000 0.000 0.000 0.000  0.000  0.000 0.000
501 0.000 0.000 0.000 0.000  0.000  0.000 0.000
502 0.547 0.207 0.035 0.004  0.350  0.468 0.605
503 0.936 0.504 0.010 0.005 -0.765  0.754 0.191
504 0.842 0.062 0.032 0.003  0.267  1.270 0.184
505 0.848 0.490 0.018 0.005 -0.501  0.526 0.455
506 0.996 0.924 0.001 0.003 -2.062  0.627 0.287
507 1.000 1.000 0.000 0.000 -5.260  0.755 1.000
508 0.403 0.016 0.082 0.001  1.194  0.950 0.038
509 1.000 1.000 0.000 0.000  0.000  0.000 0.000
510 0.915 0.611 0.012 0.005 -0.826  0.544 0.763
511 0.924 0.731 0.012 0.005 -1.025  0.408 0.136
512 0.829 0.148 0.026 0.004  0.047  0.997 0.940
513 0.997 0.825 0.001 0.004 -1.826  0.891 0.411
514 0.008 0.004 0.110 0.007  2.523  0.127 1.000
515 1.000 1.000 0.000 0.000  0.000  0.000 0.000
516 0.874 0.406 0.016 0.005 -0.455  0.693 0.354
517 0.491 0.001 0.408 0.000  1.544  1.522 1.000
518 1.000 1.000 0.000 0.000 -3.714  0.111 0.865
519 0.948 0.494 0.008 0.005 -0.807  0.822 0.329
520 1.000 1.000 0.000 0.000  0.000  0.000 0.000
521 0.966 0.493 0.006 0.005 -0.901  0.917 0.054
522 0.839 0.002 0.195 0.001  0.939  1.929 0.708
523 0.730 0.541 0.026 0.005 -0.357  0.255 0.023
524 0.572 0.107 0.041 0.003  0.530  0.711 0.959
525 0.940 0.008 0.041 0.001  0.418  1.971 0.478
526 0.822 0.126 0.027 0.003  0.113  1.035 0.708
527 0.894 0.461 0.014 0.005 -0.575  0.672 0.604
528 0.915 0.492 0.012 0.005 -0.674  0.695 0.771
529 0.914 0.896 0.016 0.003 -1.312  0.051 0.401
530 0.940 0.017 0.030 0.001  0.288  1.843 0.854
531 0.921 0.874 0.014 0.004 -1.279  0.131 0.088
532 0.754 0.419 0.025 0.005 -0.242  0.446 0.592
533 0.976 0.068 0.008 0.003 -0.246  1.733 0.091
534 0.989 0.989 0.006 0.001 -2.287  0.003 0.623
535 1.000 1.000 0.000 0.000  0.000  0.000 0.000
536 0.572 0.099 0.043 0.003  0.552  0.734 0.619
537 0.799 0.075 0.035 0.003  0.301  1.139 0.090
538 0.828 0.134 0.026 0.004  0.080  1.027 0.951
539 0.808 0.801 0.024 0.004 -0.857  0.012 0.609
540 0.703 0.410 0.027 0.005 -0.152  0.379 0.599
541 0.881 0.505 0.016 0.005 -0.595  0.583 0.172
542 0.944 0.097 0.014 0.003 -0.146  1.444 0.153
543 0.863 0.651 0.017 0.005 -0.740  0.353 0.221
544 0.926 0.346 0.012 0.005 -0.525  0.920 0.701
545 0.913 0.135 0.017 0.004 -0.130  1.233 0.683
546 0.935 0.117 0.015 0.003 -0.165  1.352 0.492
547 0.847 0.148 0.024 0.004  0.012  1.033 0.842
548 0.616 0.524 0.029 0.005 -0.178  0.118 0.329
549 0.833 0.401 0.020 0.005 -0.358  0.608 0.847
550 1.000 1.000 0.000 0.000  0.000  0.000 0.000
551 0.933 0.647 0.010 0.005 -0.936  0.559 0.271
552 0.914 0.047 0.025 0.002  0.155  1.519 0.990
553 1.000 1.000 0.000 0.000  0.000  0.000 0.000
554 0.890 0.150 0.019 0.004 -0.095  1.131 0.009
555 1.000 1.000 0.000 0.000  0.000  0.000 0.000
556 0.650 0.569 0.029 0.005 -0.280  0.105 0.152
557 0.736 0.208 0.029 0.004  0.092  0.722 0.632
558 1.000 1.000 0.000 0.000  0.000  0.000 0.000
559 1.000 1.000 0.000 0.000 -4.567  0.341 1.000
560 0.903 0.068 0.023 0.003  0.097  1.396 0.685
561 0.835 0.323 0.020 0.005 -0.258  0.717 0.759
562 0.914 0.039 0.026 0.002  0.198  1.566 0.473
563 0.942 0.043 0.020 0.002  0.071  1.642 0.125
564 0.058 0.992 0.503 0.028 -0.409 -1.981 1.000
565 0.735 0.725 0.027 0.005 -0.612  0.016 0.958
566 0.802 0.091 0.032 0.003  0.242  1.090 0.567
567 0.882 0.060 0.027 0.002  0.185  1.370 0.041
568 1.000 1.000 0.000 0.000  0.000  0.000 0.000
569 0.881 0.022 0.041 0.002  0.418  1.600 0.793
570 0.664 0.316 0.030 0.005  0.027  0.451 0.906
571 0.953 0.071 0.013 0.003 -0.106  1.573 0.549
572 1.000 1.000 0.000 0.000  0.000  0.000 0.000
573 0.925 0.665 0.011 0.005 -0.934  0.507 0.195
574 0.645 0.492 0.029 0.005 -0.176  0.197 0.143
575 0.908 0.046 0.026 0.002  0.177  1.508 0.212
576 0.961 0.952 0.010 0.002 -1.714  0.053 0.376
577 0.732 0.677 0.026 0.005 -0.540  0.080 0.872
578 1.000 1.000 0.000 0.000  0.000  0.000 0.000
579 0.678 0.605 0.028 0.005 -0.365  0.098 0.597
580 0.871 0.018 0.047 0.001  0.478  1.611 0.314
581 0.545 0.376 0.031 0.005  0.101  0.214 0.763
582 0.252 0.994 1.092 0.018 -0.912 -1.579 1.000
583 0.865 0.065 0.029 0.003  0.205  1.308 0.970
584 0.994 0.968 0.002 0.002 -2.172  0.321 0.749
585 1.000 1.000 0.000 0.000  0.000  0.000 0.000
586 0.864 0.129 0.023 0.003  0.017  1.116 0.288
587 1.000 1.000 0.000 0.000  0.000  0.000 0.000
588 1.000 1.000 0.000 0.000  0.000  0.000 0.000
589 0.790 0.347 0.023 0.005 -0.206  0.600 0.355
590 1.000 1.000 0.000 0.000  0.000  0.000 0.000
591 1.000 1.000 0.000 0.000  0.000  0.000 0.000
592 0.774 0.822 0.026 0.004 -0.837 -0.084 0.451
593 0.964 0.790 0.007 0.004 -1.301  0.494 0.824
594 0.543 0.141 0.038 0.004  0.485  0.593 0.857
595 0.999 0.997 0.002 0.001 -2.871  0.113 0.693
596 0.998 1.000 0.009 0.000 -3.150 -0.306 0.706
597 1.000 1.000 0.000 0.000  0.000  0.000 0.000
598 0.672 0.533 0.028 0.005 -0.264  0.182 0.848
599 0.852 0.357 0.019 0.005 -0.339  0.706 0.301
600 1.000 1.000 0.000 0.000  0.000  0.000 0.000
601 0.921 0.642 0.012 0.005 -0.886  0.523 0.302
602 0.805 0.428 0.022 0.005 -0.339  0.522 0.294
603 0.748 0.572 0.025 0.005 -0.424  0.244 0.713
604 0.637 0.607 0.029 0.005 -0.311  0.039 0.076
605 1.000 1.000 0.000 0.000  0.000  0.000 0.000
606 1.000 1.000 0.000 0.000  0.000  0.000 0.000
607 0.806 0.410 0.022 0.005 -0.317  0.546 0.233
608 0.665 0.562 0.028 0.005 -0.291  0.134 0.989
609 0.537 0.549 0.031 0.005 -0.108 -0.015 0.436
610 1.000 1.000 0.000 0.000  0.000  0.000 0.000
611 0.670 0.450 0.028 0.005 -0.157  0.284 0.134
612 0.750 0.678 0.025 0.005 -0.570  0.106 0.742
613 0.665 0.580 0.028 0.005 -0.315  0.112 0.017
614 1.000 1.000 0.000 0.000  0.000  0.000 0.000
615 1.000 1.000 0.000 0.000  0.000  0.000 0.000
616 0.973 0.901 0.006 0.003 -1.605  0.318 0.594
617 0.616 0.464 0.029 0.005 -0.102  0.192 0.190
618 1.000 1.000 0.000 0.000  0.000  0.000 0.000
619 0.826 0.504 0.020 0.005 -0.475  0.464 0.668
620 0.764 0.526 0.024 0.005 -0.392  0.328 0.585
621 0.572 0.274 0.032 0.005  0.209  0.391 0.042
622 0.947 0.866 0.010 0.004 -1.362  0.253 0.803
623 1.000 1.000 0.000 0.000  0.000  0.000 0.000
624 0.636 0.335 0.030 0.005  0.039  0.387 0.997
625 0.717 0.360 0.027 0.005 -0.106  0.466 0.233
626 0.543 0.579 0.031 0.005 -0.153 -0.046 0.463
627 1.000 1.000 0.000 0.000  0.000  0.000 0.000
628 0.759 0.734 0.025 0.005 -0.663  0.039 0.616
629 0.824 0.802 0.022 0.004 -0.889  0.041 0.414
630 1.000 1.000 0.000 0.000  0.000  0.000 0.000
631 0.654 0.999 0.605 0.001 -1.743 -1.347 1.000
632 0.958 0.895 0.009 0.003 -1.490  0.239 0.754
633 0.771 0.538 0.023 0.005 -0.418  0.323 0.929
634 0.673 0.261 0.030 0.005  0.096  0.544 0.548
635 0.868 0.537 0.017 0.005 -0.604  0.510 0.168
636 0.923 0.822 0.013 0.004 -1.174  0.252 0.138
637 0.998 1.000 0.006 0.001 -3.124 -0.172 0.869
638 0.972 0.968 0.009 0.002 -1.888  0.031 0.423
639 0.583 0.601 0.030 0.005 -0.233 -0.023 0.131
640 0.761 0.205 0.028 0.004  0.056  0.767 0.512
641 0.893 0.627 0.014 0.005 -0.784  0.460 0.228
642 0.957 0.907 0.009 0.003 -1.522  0.198 0.513
643 0.824 0.420 0.020 0.005 -0.364  0.565 0.773
644 0.666 0.097 0.040 0.003  0.436  0.864 0.049
645 0.723 0.305 0.028 0.005 -0.041  0.551 0.063
646 0.659 0.187 0.034 0.004  0.239  0.649 0.038
647 0.637 0.383 0.029 0.005 -0.027  0.323 0.555
648 0.660 0.114 0.038 0.003  0.396  0.808 0.039
649 0.919 0.757 0.012 0.005 -1.046  0.350 0.569
650 0.721 0.264 0.028 0.005  0.022  0.608 0.351
651 0.658 0.281 0.030 0.005  0.086  0.493 0.009
652 0.949 0.544 0.008 0.005 -0.873  0.764 0.552
653 0.511 0.159 0.037 0.004  0.486  0.514 0.005
654 0.817 0.142 0.027 0.004  0.083  0.987 0.158
655 0.731 0.189 0.030 0.004  0.133  0.747 0.179
656 0.750 0.146 0.032 0.004  0.190  0.863 0.127
657 0.771 0.136 0.031 0.004  0.177  0.919 0.407
658 0.974 0.301 0.005 0.005 -0.709  1.231 0.363
659 0.963 0.378 0.007 0.005 -0.740  1.050 0.392
660 0.970 0.974 0.010 0.002 -1.912 -0.027 0.228
661 0.909 0.868 0.015 0.004 -1.225  0.108 0.251
662 1.000 1.000 0.000 0.000  0.000  0.000 0.000